[0.16069561 0.01791344 0.01785718 0.7320564  0.0178865  0.01785715
 0.01785714 0.01787658]
[0.025      0.025      0.025      0.82497505 0.02502495 0.025
 0.025      0.025     ]
[0.04166669 0.0418066  0.04166677 0.04168345 0.04166671 0.04166667
 0.04166667 0.70817644]
[0.03125006 0.03136031 0.27841606 0.03126251 0.03125003 0.03125001
 0.03127294 0.53393807]
[0.53129171 0.2811167  0.03125006 0.03126083 0.03125003 0.03128152
 0.03125    0.03129914]
[0.03125    0.03125276 0.03125002 0.03125004 0.03131635 0.03127195
 0.78115889 0.03125   ]
[0.03129245 0.03132007 0.03125005 0.03125786 0.03125002 0.03128833
 0.03125    0.78109122]
[0.04166667 0.04166667 0.04166667 0.70824594 0.04175406 0.04166667
 0.04166667 0.04166667]
[0.0625     0.06250727 0.06250004 0.06250011 0.56242241 0.0625
 0.06257018 0.0625    ]
[0.03125    0.03125093 0.03125001 0.03126208 0.78104202 0.03134281
 0.03135214 0.03125   ]
[0.18768018 0.02090194 0.18552399 0.02084167 0.18745431 0.02083334
 0.02084864 0.35591592]
[0.04166669 0.37492809 0.04166674 0.04168114 0.0416667  0.37501335
 0.04166667 0.04171063]
[0.03125    0.03125    0.03125    0.78120952 0.03129048 0.03125
 0.03125    0.03125   ]
[0.28147487 0.03125001 0.28109945 0.03125001 0.28115159 0.03125001
 0.03127365 0.03125042]
[0.03125    0.03125149 0.03125003 0.03127289 0.53121279 0.03125
 0.03126284 0.28124995]
[0.03125005 0.03125023 0.03133503 0.03125    0.03125    0.03125
 0.78116429 0.03125039]
[0.04166673 0.04166667 0.37341026 0.04166667 0.04166667 0.04166667
 0.04169748 0.37655885]
[0.06250003 0.56241474 0.06250011 0.06252168 0.06250005 0.06250001
 0.0625     0.06256338]
[0.06250003 0.56241117 0.06250011 0.06252172 0.06250005 0.06250001
 0.0625     0.06256691]
[0.02083336 0.19153348 0.02087301 0.02084033 0.02086425 0.02084402
 0.68335875 0.02085279]
[0.03125001 0.28230244 0.03125006 0.03126076 0.03125837 0.03128734
 0.53011125 0.03127977]
[0.01785716 0.01785724 0.01789181 0.01785714 0.01785862 0.32101305
 0.57180765 0.01785731]
[0.03125    0.03125276 0.03125002 0.03125004 0.03131659 0.03127195
 0.78115864 0.03125   ]
[0.04166673 0.04166667 0.37496916 0.04166667 0.37495086 0.04171553
 0.04169716 0.04166722]
[0.03125003 0.03125    0.53091091 0.03125    0.03125    0.03125
 0.03125937 0.28157967]
[0.04166674 0.04166667 0.37331091 0.04166667 0.04166667 0.04166667
 0.04169806 0.37665761]
[0.04166673 0.04166667 0.37495602 0.37501253 0.04166667 0.04166667
 0.0416975  0.04166722]
[0.03131631 0.03125    0.53085422 0.03125    0.03125    0.03125
 0.03125937 0.2815701 ]
[0.01785717 0.01785714 0.01790352 0.17566904 0.28862081 0.01791569
 0.44631926 0.01785737]
[0.04166676 0.04166715 0.04187968 0.04166667 0.04166667 0.04166667
 0.70811888 0.04166751]
[0.04166674 0.04166667 0.3733104  0.04166667 0.04166667 0.04166667
 0.04169764 0.37665853]
[0.08649939 0.77121005 0.09418494 0.         0.         0.
 0.         0.        ]
[0.28139007 0.03125    0.28107459 0.28126163 0.03125    0.03125
 0.03127329 0.03125042]
[0.03142767 0.03125023 0.03133118 0.03125001 0.03125    0.03125001
 0.78099049 0.0312504 ]
[0.03125002 0.03134244 0.03125006 0.32414083 0.03125003 0.03125001
 0.03125    0.48826661]
[0.03127273 0.48962333 0.03125004 0.03125412 0.03125001 0.03125
 0.03125    0.32284976]
[0.04175427 0.04166667 0.708233   0.04166667 0.04166667 0.04166667
 0.04167917 0.04166689]
[0.03125003 0.03125    0.53074285 0.03125    0.03125    0.03125
 0.03125937 0.28174774]
[0.03125005 0.03125276 0.03133282 0.03125004 0.03130961 0.03125
 0.78110433 0.03125039]
[0.0416667  0.04166667 0.70830856 0.04167863 0.04166667 0.04166667
 0.0416792  0.0416669 ]
[0.03125    0.03125159 0.03125001 0.3080436  0.5044412  0.03125
 0.0312636  0.03125   ]
[0.02500003 0.22467197 0.40069007 0.02500866 0.02501389 0.02505923
 0.24953209 0.02502406]
[0.03125005 0.03125    0.27821876 0.03125    0.03125    0.03125
 0.03127313 0.53425804]
[0.02083334 0.02083334 0.02083334 0.02083334 0.02083528 0.85411956
 0.02087848 0.02083334]
[0.02083832 0.02083333 0.18581942 0.40323885 0.02083349 0.02083334
 0.02084878 0.30675447]
[0.04166673 0.04166667 0.3734097  0.04166667 0.04166667 0.04166667
 0.04169764 0.37655925]
[0.01388889 0.013889   0.01388889 0.01388889 0.01389055 0.59202694
 0.32463738 0.01388946]
[0.02500005 0.02505125 0.22119171 0.02500624 0.02500002 0.025
 0.02501842 0.62873231]
[0.04166673 0.04166667 0.37496954 0.04173642 0.37492959 0.04166667
 0.04169716 0.04166722]
[0.04166669 0.31652867 0.04166675 0.4334277  0.04166671 0.04166667
 0.04166667 0.04171016]
[0.0625001  0.0625     0.56245224 0.06250001 0.0625     0.06250001
 0.06254682 0.06250083]
[0.0625001  0.0625     0.5624517  0.06250001 0.0625     0.06250001
 0.06254736 0.06250083]
[0.03125006 0.03136106 0.27841633 0.03126251 0.03125003 0.03125001
 0.03127294 0.53393706]
[0.03125    0.03125    0.03125    0.78120947 0.03129053 0.03125
 0.03125    0.03125   ]
[0.04166676 0.04166667 0.04184566 0.04166667 0.04167777 0.04171371
 0.70809525 0.0416675 ]
[0.04169519 0.04166667 0.37330923 0.0417002  0.04166667 0.04166667
 0.0416975  0.37659788]
[0.04166668 0.37852967 0.04166674 0.04168092 0.0416667  0.04166667
 0.37141496 0.04170765]
[0.04166669 0.04181493 0.04166677 0.04168346 0.04166671 0.04166667
 0.04166667 0.70816811]
[0.06250003 0.56240638 0.06250011 0.06252174 0.06250005 0.06250001
 0.0625     0.06257168]
[0.03125    0.03125093 0.03125001 0.03125001 0.78102027 0.03137828
 0.03135049 0.03125   ]
[0.04166669 0.0418156  0.04166677 0.04168346 0.04166671 0.04166667
 0.04166667 0.70816744]
[0.06250003 0.56241599 0.06250011 0.06252167 0.06250005 0.06250001
 0.0625     0.06256214]
[0.02500001 0.23300027 0.02500006 0.02500822 0.23708425 0.40483473
 0.02504988 0.02502259]
[0.0625     0.06250726 0.06250004 0.06250011 0.56242502 0.0625
 0.06256758 0.0625    ]
[0.04166675 0.37471602 0.37518928 0.04168117 0.0416667  0.04166667
 0.04169812 0.04171528]
[0.04166669 0.04166667 0.70832054 0.04166667 0.04166667 0.04166667
 0.0416792  0.04166689]
[0.04166673 0.04166667 0.37340671 0.04166667 0.04166667 0.04166667
 0.04169862 0.37656127]
[0.04166675 0.37472011 0.37518915 0.04168116 0.0416667  0.04166667
 0.04169795 0.0417115 ]
[0.03125    0.03125093 0.03125001 0.03125001 0.78104507 0.03135307
 0.0313509  0.03125   ]
[0.5625 0.0625 0.0625 0.0625 0.0625 0.0625 0.0625 0.0625]
[0.02500003 0.0250016  0.02504702 0.02500002 0.02503759 0.02501273
 0.82490077 0.02500023]
[0.04166676 0.04166667 0.04184649 0.04166667 0.04167777 0.04171371
 0.70809442 0.0416675 ]
[0.04166673 0.04166667 0.37495451 0.37501254 0.04166667 0.04166667
 0.04169899 0.04166722]
[0.03125007 0.03125037 0.03138264 0.03125    0.03125    0.03125
 0.52922966 0.28313725]
[0.04166675 0.37472304 0.37518936 0.04168112 0.0416667  0.04166667
 0.04169755 0.0417088 ]
[0.04166673 0.04166667 0.37340756 0.04166667 0.04166667 0.04166667
 0.04169832 0.37656071]
[0.04166673 0.04166667 0.37340958 0.04166667 0.04166667 0.04166667
 0.04169767 0.37655934]
[0.03125005 0.03125149 0.28124931 0.03126939 0.53119188 0.03125
 0.03128746 0.03125041]
[0.04166669 0.31652579 0.04166675 0.43343057 0.04166671 0.04166667
 0.04166667 0.04171016]
[0.06250003 0.56241594 0.06250011 0.06252167 0.06250005 0.06250001
 0.0625     0.06256219]
[0.04166667 0.04167209 0.0416667  0.04166675 0.04183381 0.04171378
 0.70811355 0.04166667]
[0.03125005 0.03125    0.28121768 0.03125    0.03125821 0.53121569
 0.03130795 0.03125041]
[0.03125002 0.03137821 0.03125008 0.03126261 0.03125003 0.28126158
 0.03125    0.53109747]
[0.03125006 0.03135086 0.2784122  0.0312625  0.03125003 0.03125001
 0.03127295 0.5339514 ]
[0.03125    0.03125093 0.03125001 0.03126209 0.78103548 0.03134285
 0.03135863 0.03125   ]
[0.04166675 0.37472062 0.37518527 0.04168114 0.0416667  0.04166667
 0.04170132 0.04171152]
[0.04166676 0.04166715 0.04188843 0.04166667 0.04166667 0.04166667
 0.70811014 0.04166751]
[0.5625 0.0625 0.0625 0.0625 0.0625 0.0625 0.0625 0.0625]
[0.04166676 0.04166667 0.04184784 0.04166667 0.04167777 0.04171371
 0.70809307 0.04166751]
[0.16074014 0.01792327 0.01785719 0.01789161 0.1607389  0.01785715
 0.3035718  0.30341994]
[0.06250003 0.5624085  0.06250011 0.06252173 0.06250005 0.06250001
 0.0625     0.06256957]
[0.03125    0.03125    0.03125    0.03125    0.03132128 0.78115168
 0.03127704 0.03125   ]
[0.04166671 0.37494955 0.04166675 0.04168113 0.04166671 0.37499256
 0.04166667 0.04170993]
[0.04166673 0.04166667 0.37340459 0.04166667 0.04166667 0.04166667
 0.04169939 0.37656261]
[0.04166675 0.3747185  0.37518974 0.04168116 0.0416667  0.04166667
 0.04169755 0.04171292]
[0.0250108  0.0251005  0.02500006 0.82477732 0.02502261 0.025
 0.025      0.02508869]
[0.5625 0.0625 0.0625 0.0625 0.0625 0.0625 0.0625 0.0625]
[0.1875267  0.02083576 0.52095242 0.02083337 0.18732379 0.02083333
 0.02086122 0.02083341]
[0.02500003 0.02500013 0.02504909 0.025      0.02500302 0.02501273
 0.82493476 0.02500023]
[0.02500001 0.22996461 0.02500005 0.02502602 0.38766802 0.025
 0.25731819 0.0250231 ]
[0.04166673 0.04166667 0.37495815 0.04166667 0.04166667 0.37497788
 0.04173001 0.04166722]
[0.70831463 0.04166667 0.04168536 0.04166667 0.04166667 0.04166667
 0.04166667 0.04166667]
[0.04166676 0.04166715 0.04189277 0.04166667 0.04166667 0.04166667
 0.70810579 0.04166751]
[0.04166669 0.04180565 0.04166677 0.04168345 0.04166671 0.04166667
 0.04166667 0.7081774 ]
[0.06250003 0.56241679 0.06250011 0.06252166 0.06250005 0.06250001
 0.0625     0.06256135]
[0.0625001  0.0625     0.56245306 0.06250001 0.0625     0.06250001
 0.062546   0.06250083]
[0.04166669 0.04180391 0.04166677 0.04168345 0.04166671 0.04166667
 0.04166667 0.70817914]
[0.03125005 0.03125    0.2800484  0.03125    0.03125    0.28123291
 0.03129843 0.28242021]
[0.06250003 0.56241379 0.06250011 0.0625217  0.06250005 0.06250001
 0.0625     0.06256432]
[0.03125    0.03125    0.03125    0.78120823 0.03129177 0.03125
 0.03125    0.03125   ]
[0.5625 0.0625 0.0625 0.0625 0.0625 0.0625 0.0625 0.0625]
[0.04166669 0.04182877 0.04166677 0.04168348 0.04166671 0.04166667
 0.04166667 0.70815425]
[0.0625     0.0625     0.06250002 0.0625     0.06254066 0.06268179
 0.56227753 0.0625    ]
[0.06250003 0.56240974 0.06250011 0.06252173 0.06250005 0.06250001
 0.0625     0.06256833]
[0.5625 0.0625 0.0625 0.0625 0.0625 0.0625 0.0625 0.0625]
[0.03125002 0.03125    0.53091773 0.03125    0.03125    0.03125
 0.03125938 0.28157286]
[0.06250003 0.56241005 0.06250011 0.06252172 0.06250005 0.06250001
 0.0625     0.06256803]
[0.06250003 0.56241677 0.06250011 0.06252167 0.06250005 0.06250001
 0.0625     0.06256137]
[0.02083336 0.19153324 0.02087288 0.02084033 0.02086424 0.02084402
 0.68335914 0.0208528 ]
[0.04166667 0.04166667 0.04166667 0.70823941 0.04176059 0.04166667
 0.04166667 0.04166667]
[0.04166674 0.04170243 0.37496347 0.04166667 0.04166667 0.37496814
 0.04169866 0.04166722]
[0.0625001  0.0625     0.56245268 0.06250001 0.0625     0.06250001
 0.06254638 0.06250083]
[0.03125005 0.03125023 0.03135051 0.03125    0.0312552  0.03127198
 0.78112164 0.03125039]
[0.22511352 0.025      0.22486653 0.02502533 0.42497599 0.025
 0.0250183  0.02500033]
[0.02500002 0.0250029  0.4248502  0.02500004 0.22485625 0.025
 0.02503503 0.22525556]
[0.04166673 0.04166667 0.37495744 0.04166667 0.04166667 0.37501007
 0.04169853 0.04166722]
[0.01785715 0.16297823 0.01785718 0.01786834 0.57841065 0.01785715
 0.16929748 0.01787383]
[0.0625001  0.0625     0.56245229 0.06250001 0.0625     0.06250001
 0.06254677 0.06250083]
[0.03125002 0.03125    0.53124199 0.03130511 0.28119334 0.03125
 0.03125937 0.03125017]
[0.04166675 0.3747246  0.37518969 0.04168111 0.0416667  0.04166667
 0.04169713 0.04170735]
[0.04166669 0.37471265 0.37522176 0.0416812  0.0416667  0.04166667
 0.04166667 0.04171767]
[0.04166667 0.04166667 0.04166667 0.70824753 0.04175247 0.04166667
 0.04166667 0.04166667]
[0.03125005 0.03125023 0.03133134 0.03125    0.03125    0.03133615
 0.78108184 0.03125039]
[0.025      0.02500078 0.025      0.02501011 0.60126805 0.24869933
 0.02502173 0.025     ]
[0.03125002 0.03125    0.50048443 0.03125    0.03126734 0.0313241
 0.31192396 0.03125016]
[0.70830786 0.04166667 0.04169213 0.04166667 0.04166667 0.04166667
 0.04166667 0.04166667]
[0.03125    0.03125149 0.03125003 0.03125002 0.53123561 0.03125
 0.03126272 0.28125013]
[0.025      0.02500013 0.025      0.025      0.02500302 0.0250632
 0.82493365 0.025     ]
[0.03125    0.03125276 0.03125002 0.03125004 0.03131537 0.03127195
 0.78115987 0.03125   ]
[0.03125009 0.2823039  0.03140799 0.03126076 0.03125003 0.03125001
 0.52999689 0.03128035]
[0.03125005 0.03125363 0.2801085  0.03125006 0.28114996 0.03125
 0.03131666 0.28242114]
[0.03125005 0.03125    0.28120421 0.53120349 0.03131897 0.03125
 0.03127287 0.03125041]
[0.025      0.02500117 0.02500001 0.02501675 0.39957324 0.02502169
 0.45038713 0.025     ]
[0.04166675 0.3747211  0.37518921 0.04168114 0.0416667  0.04166667
 0.04169782 0.0417106 ]
[0.03125    0.03125093 0.03125001 0.03125001 0.78104492 0.03135425
 0.03134987 0.03125   ]
[0.03125    0.03125209 0.03125001 0.03125002 0.48790727 0.03126665
 0.32457397 0.03125   ]
[0.06250003 0.56241243 0.06250011 0.0625217  0.06250005 0.06250001
 0.0625     0.06256567]
[0.0625001  0.0625     0.56245313 0.06250001 0.0625     0.06250001
 0.06254593 0.06250083]
[0.06250003 0.56241527 0.06250011 0.06252169 0.06250005 0.06250001
 0.0625     0.06256283]
[0.0625 0.0625 0.0625 0.0625 0.0625 0.5625 0.0625 0.0625]
[0.04166675 0.37471817 0.37518888 0.04168116 0.0416667  0.04166667
 0.04169832 0.04171333]
[0.04166673 0.04166667 0.37340764 0.04166667 0.04166667 0.04166667
 0.04169829 0.37656066]
[0.04166669 0.04182228 0.04166677 0.04168347 0.04166671 0.04166667
 0.04166667 0.70816075]
[0.04166667 0.0416715  0.04166669 0.37521061 0.37474303 0.04166667
 0.04170817 0.04166667]
[0.03125001 0.28118501 0.03125006 0.03126082 0.03125824 0.5312314
 0.03128455 0.03127991]
[0.0625001  0.0625     0.56245295 0.06250001 0.0625     0.06250001
 0.06254612 0.06250083]
[0.03125    0.03125276 0.03125002 0.03125004 0.03131628 0.03127195
 0.78115895 0.03125   ]
[0.04166669 0.04182955 0.04166677 0.04168348 0.04166671 0.04166667
 0.04166667 0.70815347]
[0.06250003 0.562416   0.06250011 0.06252168 0.06250005 0.06250001
 0.0625     0.06256213]
[0.03125    0.03125    0.03125    0.2812446  0.03125552 0.53124099
 0.03125889 0.03125   ]
[0.04166669 0.31664725 0.04166675 0.43330325 0.0416726  0.04166667
 0.04166667 0.04171013]
[0.0625     0.0625     0.06250002 0.0625     0.06254029 0.56224695
 0.06271274 0.0625    ]
[0.04166673 0.04166667 0.37340828 0.04166667 0.04166667 0.04166667
 0.04169808 0.37656024]
[0.0625001  0.0625     0.56245237 0.06250001 0.0625     0.06250001
 0.06254669 0.06250083]
[0.04166675 0.37471844 0.37519001 0.04168116 0.0416667  0.04166667
 0.04169732 0.04171295]
[0.03125006 0.03135296 0.2784132  0.0312625  0.03125003 0.03125001
 0.03127294 0.5339483 ]
[0.04166667 0.04166667 0.04166667 0.04166667 0.04178437 0.70821563
 0.04166667 0.04166667]
[0.01785716 0.01785775 0.01788648 0.01785715 0.23113669 0.01791962
 0.66162785 0.01785729]
[0.03125873 0.03125    0.27821381 0.03126014 0.03125    0.03125
 0.03127346 0.53424385]
[0.04166673 0.04166667 0.37495594 0.37500517 0.04167403 0.04166667
 0.04169758 0.04166722]
[0.04166673 0.04166667 0.3734079  0.04166667 0.04166667 0.04166667
 0.0416982  0.37656049]
[0.06250003 0.56241818 0.06250011 0.06252165 0.06250005 0.06250001
 0.0625     0.06255998]
[0.0625     0.06250727 0.06250004 0.06250011 0.56241961 0.0625
 0.06257297 0.0625    ]
[0.04166675 0.37471958 0.37518916 0.04168115 0.0416667  0.04166667
 0.04169798 0.04171201]
[0.5625 0.0625 0.0625 0.0625 0.0625 0.0625 0.0625 0.0625]
[0.04166673 0.04166667 0.37340957 0.04166667 0.04166667 0.04166667
 0.04169768 0.37655934]
[0.03125    0.03125093 0.03125001 0.0312623  0.78121949 0.03125934
 0.03125794 0.03125   ]
[0.0625001  0.0625     0.56245239 0.06250001 0.0625     0.06250001
 0.06254668 0.06250083]
[0.0625 0.0625 0.0625 0.0625 0.5625 0.0625 0.0625 0.0625]
[0.0625001  0.0625     0.56245301 0.06250001 0.0625     0.06250001
 0.06254605 0.06250083]
[0.02500001 0.22577903 0.02500004 0.02504675 0.22502429 0.02511572
 0.4240104  0.02502377]
[0.0625001  0.0625     0.56245217 0.06250001 0.0625     0.06250001
 0.06254689 0.06250083]
[0.04166669 0.04166667 0.70832057 0.04166667 0.04166667 0.04166667
 0.04167918 0.04166689]
[0.04166673 0.04166667 0.37340789 0.04166667 0.04166667 0.04166667
 0.04169821 0.3765605 ]
[0.04166671 0.37494793 0.04166675 0.04168115 0.04166671 0.37499258
 0.04166667 0.04171151]
[0.04166676 0.04166667 0.04185271 0.04166667 0.04167777 0.04171373
 0.70808818 0.04166751]
[0.04166675 0.37472423 0.3751883  0.04168112 0.0416667  0.04166667
 0.04169837 0.04170785]
[0.0625001  0.0625     0.56245186 0.06250001 0.0625     0.06250001
 0.0625472  0.06250083]
[0.0625 0.0625 0.0625 0.0625 0.0625 0.5625 0.0625 0.0625]
[0.28138564 0.03125    0.27991583 0.03125    0.03125    0.03125
 0.03127326 0.28242526]
[0.5313491  0.28110867 0.03125006 0.03126084 0.03125003 0.03125
 0.03125    0.0312813 ]
[0.18730388 0.020905   0.1855098  0.02084167 0.02083335 0.18782969
 0.02084863 0.35592799]
[0.04166676 0.04166667 0.04185253 0.04166667 0.04167777 0.04171373
 0.70808837 0.04166751]
[0.04166667 0.04167208 0.0416667  0.04166675 0.04180885 0.0417137
 0.7081386  0.04166667]
[0.06250003 0.56240833 0.06250011 0.06252174 0.06250005 0.06250001
 0.0625     0.06256973]
[0.04166676 0.04166667 0.04186679 0.04166667 0.04167778 0.04171376
 0.70807406 0.04166751]
[0.03125005 0.03125    0.28121913 0.03125    0.03125821 0.53121314
 0.03130905 0.03125042]
[0.04166669 0.37484033 0.04166674 0.04174647 0.37503991 0.04166667
 0.04166667 0.04170653]
[0.02505239 0.02508314 0.42438767 0.02501004 0.02500002 0.025
 0.02500748 0.42545925]
[0.0625001  0.0625     0.56245296 0.06250001 0.0625     0.06250001
 0.0625461  0.06250083]
[0.06250003 0.56241316 0.06250011 0.0625217  0.06250005 0.06250001
 0.0625     0.06256494]
[0.03125005 0.28081787 0.53158314 0.03126084 0.03125003 0.03125001
 0.03125936 0.0313287 ]
[0.03125002 0.03136037 0.03125009 0.03126264 0.28130642 0.03125
 0.03128102 0.53103943]
[0.04166669 0.04181578 0.04166677 0.04168346 0.04166671 0.04166667
 0.04166667 0.70816726]
[0.04166667 0.04166667 0.04166667 0.70824539 0.04175461 0.04166667
 0.04166667 0.04166667]
[0.02500001 0.02506518 0.02500005 0.49723871 0.0250002  0.025
 0.025      0.35269584]
[0.0625     0.0625     0.06250002 0.0625     0.06254064 0.0626775
 0.56228185 0.0625    ]
[0.04166673 0.04166667 0.37495504 0.37501253 0.04166667 0.04166667
 0.04169847 0.04166722]
[0.04169567 0.04166667 0.37331175 0.04170099 0.04166667 0.04166667
 0.04169745 0.37659413]
[0.03125003 0.03142867 0.03125011 0.78100962 0.03125147 0.03125001
 0.03125    0.03131009]
[0.5625 0.0625 0.0625 0.0625 0.0625 0.0625 0.0625 0.0625]
[0.03125009 0.03125037 0.03141102 0.03125001 0.28123107 0.03125001
 0.53110681 0.03125063]
[0.04166668 0.70830725 0.0416667  0.04167633 0.04166668 0.04166667
 0.04166667 0.04168302]
[0.04166673 0.04166667 0.37341006 0.04166667 0.04166667 0.04166667
 0.04169754 0.376559  ]
[0.04166669 0.31627501 0.04166675 0.43368125 0.04166671 0.04166667
 0.04166667 0.04171026]
[0.0625     0.06250726 0.06250004 0.06250011 0.56242681 0.0625
 0.06256578 0.0625    ]
[0.04166669 0.04183958 0.04166677 0.04168349 0.04166671 0.04166667
 0.04166667 0.70814343]
[0.04166673 0.04166667 0.3749566  0.04166667 0.04166667 0.37501007
 0.04169937 0.04166722]
[0.0625001  0.0625     0.56245235 0.06250001 0.0625     0.06250001
 0.06254671 0.06250083]
[0.06250003 0.5624152  0.06250011 0.06252168 0.06250005 0.06250001
 0.0625     0.06256292]
[0.04166669 0.37484103 0.04166674 0.0416811  0.37505546 0.04171577
 0.04166667 0.04170655]
[0.03125001 0.03125    0.03125    0.0312822  0.03125513 0.78118565
 0.03127702 0.03125   ]
[0.02083334 0.02088087 0.02083337 0.60333697 0.020856   0.02083334
 0.02083333 0.27159278]
[0.03125005 0.03125023 0.03133178 0.03125    0.03125519 0.03127195
 0.7811404  0.03125039]
[0.08655539 0.08724793 0.48449744 0.30323224 0.         0.
 0.         0.        ]
[0.0625001  0.0625     0.56245252 0.06250001 0.0625     0.06250001
 0.06254654 0.06250083]
[0.02500557 0.025      0.61096496 0.23902229 0.025      0.025
 0.02500481 0.02500236]
[0.0625001  0.0625     0.56245251 0.06250001 0.0625     0.06250001
 0.06254655 0.06250083]
[0.03125005 0.03125    0.28004597 0.28125382 0.03125552 0.03125
 0.03127383 0.28242081]
[0.02500002 0.025      0.42473885 0.025      0.22499759 0.025
 0.0250075  0.22525604]
[0.06250003 0.56240752 0.06250011 0.06252174 0.06250005 0.06250001
 0.0625     0.06257055]
[0.0625001  0.0625     0.56245214 0.06250001 0.0625     0.06250001
 0.06254692 0.06250083]
[0.04166673 0.04166667 0.37340769 0.04166667 0.04166667 0.04166667
 0.04169828 0.37656063]
[0.0625001  0.0625     0.56245107 0.06250001 0.0625     0.06250001
 0.06254799 0.06250083]
[0.22509296 0.22461824 0.42524119 0.02501587 0.02500002 0.02500014
 0.02500749 0.02502409]
[0.02500005 0.025      0.22497863 0.025      0.38336918 0.26663032
 0.02502148 0.02500033]
[0.06250003 0.56241448 0.06250011 0.06252169 0.06250005 0.06250001
 0.0625     0.06256363]
[0.06250003 0.56241711 0.06250011 0.06252166 0.06250005 0.06250001
 0.0625     0.06256103]
[0.04166669 0.04180115 0.04166677 0.04168345 0.04166671 0.04166667
 0.04166667 0.7081819 ]
[0.04166674 0.04166667 0.37496335 0.37500494 0.04166667 0.04166667
 0.04169774 0.04166722]
[0.06250003 0.56241637 0.06250011 0.06252168 0.06250005 0.06250001
 0.0625     0.06256175]
[0.04175488 0.04166667 0.70823238 0.04166667 0.04166667 0.04166667
 0.04167917 0.04166689]
[0.04166676 0.04166667 0.04184434 0.04166667 0.04167777 0.0417137
 0.70809658 0.0416675 ]
[0.03125006 0.03137225 0.27841993 0.03126252 0.03125003 0.03125001
 0.03127294 0.53392226]
[0.2814347  0.03125001 0.27984723 0.03125001 0.03125    0.03125001
 0.03127336 0.28244469]
[0.04166676 0.04166715 0.04186454 0.04166667 0.04166667 0.04166667
 0.70813402 0.04166751]
[0.04166667 0.04167257 0.0416667  0.04166675 0.04180756 0.04166667
 0.70818643 0.04166667]
[0.04166673 0.04166667 0.37495851 0.04166667 0.04166667 0.37501006
 0.04169747 0.04166722]
[0.04166669 0.04181718 0.04166677 0.04168347 0.04166671 0.04166667
 0.04166667 0.70816585]
[0.01566123 0.01562888 0.015625   0.01562501 0.01563781 0.01563143
 0.89055854 0.0156321 ]
[0.04166669 0.0418263  0.04166677 0.04168347 0.04166671 0.04166667
 0.04166667 0.70815672]
[0.031321   0.03125076 0.50010894 0.03125    0.03125    0.03125
 0.31231914 0.03125016]
[0.04166676 0.04166667 0.04184623 0.04166667 0.04167777 0.04171371
 0.70809469 0.0416675 ]
[0.02500004 0.02500074 0.22501191 0.02500001 0.62480025 0.02508207
 0.02510465 0.02500033]
[0.26515375 0.0660562  0.64160682 0.         0.         0.
 0.         0.        ]
[0.04166669 0.0418195  0.04166677 0.04168347 0.04166671 0.04166667
 0.04166667 0.70816353]
[0.04166669 0.0418025  0.04166677 0.04168345 0.04166671 0.04166667
 0.04166667 0.70818055]
[0.15192409 0.0955659  0.3077154  0.43478376 0.         0.
 0.         0.        ]
[0.0625001  0.0625     0.56245217 0.06250001 0.0625     0.06250001
 0.0625469  0.06250083]
[0.0625001  0.0625     0.5624528  0.06250001 0.0625     0.06250001
 0.06254626 0.06250083]
[0.0625001  0.0625     0.56245294 0.06250001 0.0625     0.06250001
 0.06254613 0.06250083]
[0.04166673 0.04166667 0.37340892 0.04166667 0.04166667 0.04166667
 0.04169787 0.3765598 ]
[0.04166673 0.04166667 0.37340649 0.04166667 0.04166667 0.04166667
 0.04169869 0.37656141]
[0.03125    0.03125093 0.03125001 0.03125001 0.78104982 0.03134283
 0.03135639 0.03125   ]
[0.04166675 0.37471494 0.37518951 0.04168118 0.0416667  0.04166667
 0.041698   0.04171624]
[0.06250003 0.56241733 0.06250011 0.06252166 0.06250005 0.06250001
 0.0625     0.06256081]
[0.0625001  0.0625     0.56245289 0.06250001 0.0625     0.06250001
 0.06254618 0.06250083]
[0.0416667  0.04166667 0.70832054 0.04166667 0.04166667 0.04166667
 0.04167917 0.0416669 ]
[0.03125004 0.28081584 0.53163303 0.03126084 0.03125003 0.03125001
 0.03125937 0.03128082]
[0.06250003 0.56241545 0.06250011 0.06252169 0.06250005 0.06250001
 0.0625     0.06256266]
[0.04166667 0.04166667 0.04166667 0.04166667 0.04167762 0.70827567
 0.04171337 0.04166667]
[0.06250003 0.56240916 0.06250011 0.06252173 0.06250005 0.06250001
 0.0625     0.06256891]
[0.04166667 0.04166667 0.04166667 0.70833296 0.04166704 0.04166667
 0.04166667 0.04166667]
[0.02500004 0.025      0.22495619 0.42501798 0.02500181 0.22498503
 0.02503861 0.02500033]
[0.03125005 0.03125253 0.03133275 0.03125004 0.03131529 0.03127196
 0.78107699 0.03125039]
[0.025      0.02500054 0.025      0.02500701 0.82497496 0.02501288
 0.0250046  0.025     ]
[0.02500006 0.02514443 0.22521734 0.62457034 0.02500118 0.02500001
 0.02501826 0.02504838]
[0.03125008 0.03125037 0.03138525 0.03125001 0.03125    0.28125084
 0.53111282 0.03125063]
[0.03125009 0.28120949 0.03138714 0.03126083 0.03125835 0.03128529
 0.53106828 0.03128053]
[0.04166667 0.04166667 0.04166667 0.04166667 0.04167776 0.04171431
 0.70827459 0.04166667]
[0.0625001  0.0625     0.56245241 0.06250001 0.0625     0.06250001
 0.06254665 0.06250083]
[0.04166675 0.37471434 0.37518976 0.04168118 0.0416667  0.04166667
 0.04169782 0.04171678]
[0.04166675 0.37472153 0.3751897  0.04168113 0.0416667  0.04166667
 0.04169736 0.04171015]
[0.06250003 0.56241517 0.06250011 0.06252168 0.06250005 0.06250001
 0.0625     0.06256294]
[0.04176651 0.04166667 0.70822074 0.04166667 0.04166667 0.04166667
 0.04167919 0.04166689]
[0.03125001 0.28553024 0.03125006 0.03126058 0.52690222 0.03126507
 0.0312626  0.03127922]
[0.04166667 0.04166667 0.04166667 0.04166667 0.04167762 0.70827609
 0.04171295 0.04166667]
[0.03125005 0.03125    0.28122595 0.03126983 0.53121523 0.03126499
 0.03127354 0.03125041]
[0.03125    0.03125443 0.03125002 0.03125006 0.03135193 0.28125003
 0.53114353 0.03125   ]
[0.0625001  0.0625     0.56245236 0.06250001 0.0625     0.06250001
 0.0625467  0.06250083]
[0.04166667 0.04166667 0.04166667 0.04166667 0.0417842  0.7082158
 0.04166667 0.04166667]
[0.06250003 0.56241494 0.06250011 0.06252168 0.06250005 0.06250001
 0.0625     0.06256319]
[0.0625001  0.0625     0.56245265 0.06250001 0.0625     0.06250001
 0.06254641 0.06250083]
[0.04166667 0.04166667 0.04166667 0.04166667 0.04167762 0.70826392
 0.04172512 0.04166667]
[0.04166669 0.04166667 0.70832058 0.04166667 0.04166667 0.04166667
 0.04167917 0.04166689]
[0.37519131 0.04166667 0.37477711 0.04166667 0.04166667 0.04166689
 0.04169746 0.04166722]
[0.02500001 0.0250009  0.02500001 0.02500001 0.39957116 0.02504198
 0.45038592 0.025     ]
[0.04166669 0.04181215 0.04166677 0.04168346 0.04166671 0.04166667
 0.04166667 0.70817089]
[0.03125002 0.03125    0.53124198 0.03129773 0.28120073 0.03125
 0.03125937 0.03125017]
[0.0625001  0.0625     0.56244361 0.06250001 0.0625     0.06250001
 0.06255544 0.06250083]
[0.03125003 0.03136219 0.03125007 0.0312626  0.28131616 0.03125001
 0.03125    0.53105894]
[0.0625 0.0625 0.0625 0.5625 0.0625 0.0625 0.0625 0.0625]
[0.06250003 0.5624024  0.06250011 0.06252178 0.06250005 0.06250001
 0.0625     0.06257563]
[0.52131159 0.18725814 0.18722083 0.02084056 0.02083335 0.02083334
 0.02084858 0.02085361]
[0.04169513 0.04166667 0.37330467 0.04169989 0.04166667 0.04166667
 0.04169885 0.37660146]
[0.03125007 0.03125    0.03138373 0.03125    0.03125    0.03125
 0.52922829 0.2831379 ]
[0.06250003 0.56241658 0.06250011 0.06252167 0.06250005 0.06250001
 0.0625     0.06256156]
[0.02500003 0.0250016  0.02504716 0.02500002 0.0250376  0.02501273
 0.82490062 0.02500023]
[0.03125005 0.03125    0.28121711 0.03125    0.03125821 0.53120437
 0.03131984 0.03125041]
[0.03125006 0.03137147 0.2784197  0.03126252 0.03125003 0.03125001
 0.03127294 0.53392327]
[0.04166675 0.37472114 0.37518955 0.04168115 0.0416667  0.04166667
 0.04169752 0.04171051]
[0.025      0.02500221 0.02500001 0.22508264 0.025071   0.02501759
 0.62482656 0.025     ]
[0.0625001  0.0625     0.56245257 0.06250001 0.0625     0.06250001
 0.06254649 0.06250083]
[0.03125003 0.03143378 0.03125011 0.7810045  0.03125147 0.03125001
 0.03125    0.03131011]
[0.31268216 0.01252337 0.21177798 0.12236725 0.01250001 0.0125
 0.01250373 0.30314551]
[0.03125001 0.03131367 0.03125005 0.03125785 0.03125002 0.03125
 0.03125    0.7811784 ]
[0.0625001  0.0625     0.56244954 0.06250001 0.0625     0.06250001
 0.06254952 0.06250083]
[0.03125006 0.03135076 0.27841215 0.0312625  0.03125003 0.03125001
 0.03127295 0.53395155]
[0.04166668 0.39048164 0.04166676 0.04168028 0.35942499 0.04166667
 0.04170892 0.04170405]
[0.02500005 0.02507976 0.42431276 0.02501004 0.02500003 0.02500001
 0.02507178 0.42552557]
[0.03125    0.03125    0.03125003 0.53118144 0.03131854 0.03125
 0.03125    0.28124999]
[0.7812296  0.03125    0.03127039 0.03125    0.03125    0.03125
 0.03125    0.03125   ]
[0.01250259 0.01255105 0.11245244 0.81245961 0.01251481 0.0125
 0.01250915 0.01251035]
[0.0625001  0.0625     0.56245302 0.06250001 0.0625     0.06250001
 0.06254604 0.06250083]
[0.02500004 0.025      0.22495964 0.025      0.0250041  0.62498923
 0.02504666 0.02500033]
[0.02500001 0.2025562  0.02500006 0.25641225 0.02508245 0.025
 0.41592521 0.02502382]
[0.03125001 0.28101768 0.03125006 0.0312804  0.53142193 0.03125
 0.03125    0.03127992]
[0.0625001  0.0625     0.56245255 0.06250001 0.0625     0.06250001
 0.06254651 0.06250083]
[0.04166668 0.39046726 0.04166676 0.0416803  0.35943659 0.04166667
 0.04171076 0.04170498]
[0.03125004 0.28080082 0.53164183 0.03126089 0.03125003 0.03125001
 0.03125937 0.03128702]
[0.03125006 0.03135354 0.27841345 0.0312625  0.03125003 0.03125001
 0.03127294 0.53394747]
[0.0625     0.0625     0.06250002 0.0625     0.06254075 0.06269912
 0.56226012 0.0625    ]
[0.04166669 0.31658496 0.04166675 0.43337142 0.04166671 0.04166667
 0.04166667 0.04171013]
[0.04166667 0.04167208 0.0416667  0.04166675 0.04181064 0.0417137
 0.7081368  0.04166667]
[0.03125    0.03125406 0.03125005 0.03125006 0.03136703 0.03128531
 0.53109351 0.28124998]
[0.04166669 0.04180461 0.04166677 0.04168345 0.04166671 0.04166667
 0.04166667 0.70817844]
[0.03125    0.03125093 0.03125001 0.03125001 0.78104457 0.03135417
 0.0313503  0.03125   ]
[0.02083334 0.02090122 0.02083339 0.02084982 0.52093237 0.02089517
 0.0209011  0.35385357]
[0.03125003 0.03125    0.53091093 0.03125    0.03125    0.03125
 0.03125937 0.28157966]
[0.02500004 0.025      0.22403741 0.025      0.02500657 0.42497077
 0.02504958 0.22593563]
[0.0625 0.0625 0.0625 0.0625 0.5625 0.0625 0.0625 0.0625]
[0.03125005 0.03125276 0.03133301 0.03125004 0.03130961 0.03125
 0.78110414 0.03125039]
[0.0625001  0.0625     0.56245251 0.06250001 0.0625     0.06250001
 0.06254656 0.06250083]
[0.0625001  0.0625     0.56245302 0.06250001 0.0625     0.06250001
 0.06254604 0.06250083]
[0.04166668 0.39044018 0.04166676 0.04168029 0.35946644 0.04166667
 0.04170883 0.04170414]
[0.0625001  0.0625     0.56244879 0.06250001 0.0625     0.06250001
 0.06255027 0.06250083]
[0.03125002 0.03125    0.53092105 0.03125    0.03125    0.03125
 0.03125936 0.28156956]
[0.03125005 0.03125276 0.03133329 0.03125004 0.03130961 0.03125
 0.78110386 0.03125039]
[0.04166676 0.04166715 0.04186546 0.04166667 0.04166667 0.04166667
 0.7081331  0.04166751]
[0.03125    0.03125159 0.03125001 0.30784506 0.50463975 0.03125
 0.03126359 0.03125   ]
[0.04166667 0.04167105 0.04166669 0.35034448 0.39961358 0.04166667
 0.04170421 0.04166667]
[0.0625001  0.0625     0.56245147 0.06250001 0.0625     0.06250001
 0.0625476  0.06250083]
[0.04166667 0.04166667 0.04166667 0.04166667 0.04167762 0.7082759
 0.04171315 0.04166667]
[0.0625001  0.0625     0.56245238 0.06250001 0.0625     0.06250001
 0.06254668 0.06250083]
[0.04166676 0.04166715 0.04188829 0.04166667 0.04166667 0.04166667
 0.70811027 0.04166751]
[0.26577338 0.01573367 0.01562506 0.38506955 0.27088839 0.01562501
 0.01562942 0.01565552]
[0.0625001  0.0625     0.56245234 0.06250001 0.0625     0.06250001
 0.06254672 0.06250083]
[0.04166668 0.70828854 0.04166673 0.04167853 0.0416667  0.04166667
 0.04166667 0.04169949]
[0.06250003 0.56240948 0.06250011 0.06252173 0.06250005 0.06250001
 0.0625     0.0625686 ]
[0.04166669 0.37494644 0.04166675 0.0416811  0.04169381 0.04178738
 0.37485132 0.04170652]
[0.0625 0.0625 0.0625 0.0625 0.5625 0.0625 0.0625 0.0625]
[0.04166669 0.04181833 0.04166677 0.04168347 0.04166671 0.04166667
 0.04166667 0.7081647 ]
[0.0625001  0.0625     0.56245274 0.06250001 0.0625     0.06250001
 0.06254633 0.06250083]
[0.06250003 0.56241662 0.06250011 0.06252167 0.06250005 0.06250001
 0.0625     0.06256151]
[0.02500001 0.23175436 0.02500005 0.02500829 0.02505394 0.0250178
 0.61814273 0.02502282]
[0.03125005 0.03125    0.28120419 0.53120802 0.03131445 0.03125
 0.03127287 0.03125041]
[0.0625     0.0625     0.06250002 0.0625     0.06254011 0.56228702
 0.06267286 0.0625    ]
[0.04166667 0.04167208 0.0416667  0.04166675 0.04180883 0.04171369
 0.70813862 0.04166667]
[0.0625001  0.0625     0.56245173 0.06250001 0.0625     0.06250001
 0.06254734 0.06250083]
[0.28139257 0.03125    0.27991319 0.03125    0.03125    0.03125017
 0.03127319 0.28242088]
[0.03125    0.03125    0.03125    0.03125    0.03130653 0.78117209
 0.03127138 0.03125   ]
[0.02500004 0.025      0.2240339  0.025      0.02500658 0.42495744
 0.02506534 0.22593671]
[0.0625001  0.0625     0.56245212 0.06250001 0.0625     0.06250001
 0.06254694 0.06250083]
[0.06250003 0.56241641 0.06250011 0.06252167 0.06250005 0.06250001
 0.0625     0.06256172]
[0.04166675 0.37472024 0.3751889  0.04168114 0.0416667  0.04166667
 0.04169815 0.04171143]
[0.02500007 0.02500019 0.02506605 0.02500001 0.02500001 0.02504042
 0.62406416 0.2258291 ]
[0.03125001 0.28101764 0.03125006 0.0312805  0.53142186 0.03125
 0.03125    0.03127992]
[0.06250003 0.56241229 0.06250011 0.0625217  0.06250005 0.06250001
 0.0625     0.0625658 ]
[0.03125    0.03125093 0.03125001 0.03126209 0.78103987 0.03134282
 0.03135428 0.03125   ]
[0.04166669 0.37483912 0.04166674 0.04168113 0.37504614 0.04172482
 0.04166667 0.04170869]
[0.04166676 0.04166667 0.0418443  0.04166667 0.04167777 0.0417137
 0.70809662 0.0416675 ]
[0.06250003 0.56240865 0.06250011 0.06252173 0.06250005 0.06250001
 0.0625     0.06256942]
[0.03125006 0.29271185 0.28143987 0.03126021 0.26950108 0.03125001
 0.0313084  0.03127852]
[0.03125004 0.03135096 0.03125008 0.03126259 0.28128062 0.03125001
 0.03125001 0.53110569]
[0.06250003 0.56241455 0.06250011 0.06252169 0.06250005 0.06250001
 0.0625     0.06256357]
[0.03125    0.03125093 0.03125001 0.03126216 0.78121961 0.03125934
 0.03125795 0.03125   ]
[0.04166669 0.04182875 0.04166677 0.04168348 0.04166671 0.04166667
 0.04166667 0.70815427]
[0.06250003 0.56241638 0.06250011 0.06252167 0.06250005 0.06250001
 0.0625     0.06256175]
[0.04166673 0.04166667 0.37340997 0.04166667 0.04166667 0.04166667
 0.04169756 0.37655906]
[0.0625001  0.0625     0.56245286 0.06250001 0.0625     0.06250001
 0.06254621 0.06250083]
[0.06250003 0.5624132  0.06250011 0.0625217  0.06250005 0.06250001
 0.0625     0.06256491]
[0.04166675 0.37471705 0.37519015 0.04168117 0.0416667  0.04166667
 0.0416973  0.0417142 ]
[0.03125005 0.03125    0.28005063 0.03125    0.03125    0.28123407
 0.03129604 0.2824192 ]
[0.0625001  0.0625     0.56245296 0.06250001 0.0625     0.06250001
 0.0625461  0.06250083]
[0.04166669 0.04180739 0.04166677 0.04168345 0.04166671 0.04166667
 0.04166667 0.70817565]
[0.04166676 0.04166667 0.04184451 0.04166667 0.04167777 0.0417137
 0.70809641 0.0416675 ]
[0.03125005 0.03125    0.28120422 0.5311999  0.03132255 0.03125
 0.03127287 0.03125041]
[0.03125005 0.03125023 0.03134015 0.03125    0.0312552  0.03127197
 0.78113202 0.03125039]
[0.0625     0.0625     0.06250002 0.0625     0.06254068 0.06268544
 0.56227386 0.0625    ]
[0.04166673 0.04166667 0.37496938 0.04166667 0.3749988  0.04166667
 0.04169786 0.04166722]
[0.01785717 0.01785784 0.01789777 0.01787127 0.25138381 0.01786714
 0.49796056 0.16130443]
[0.06250003 0.56240895 0.06250011 0.06252174 0.06250005 0.06250001
 0.0625     0.06256911]
[0.04166673 0.04166667 0.37341038 0.04166667 0.04166667 0.04166667
 0.04169745 0.37655876]
[0.025      0.02500117 0.02500001 0.02501684 0.39895771 0.02502171
 0.45100257 0.025     ]
[0.03125001 0.29264577 0.28146548 0.03126026 0.26956257 0.03125
 0.0312848  0.03128112]
[0.06250003 0.5624155  0.06250011 0.06252168 0.06250005 0.06250001
 0.0625     0.06256262]
[0.04166669 0.04181346 0.04166677 0.04168346 0.04166671 0.04166667
 0.04166667 0.70816958]
[0.04166673 0.04166667 0.37341077 0.04166667 0.04166667 0.04166667
 0.04169736 0.37655847]
[0.06250003 0.56241272 0.06250011 0.06252169 0.06250005 0.06250001
 0.0625     0.06256538]
[0.06250003 0.56241628 0.06250011 0.06252167 0.06250005 0.06250001
 0.0625     0.06256186]
[0.04166675 0.3747211  0.37518951 0.04168114 0.0416667  0.04166667
 0.04169756 0.04171056]
[0.04166669 0.37471618 0.37522144 0.04168117 0.0416667  0.04166667
 0.04166667 0.04171449]
[0.03125    0.03125253 0.03125002 0.03125004 0.03131707 0.03127195
 0.78115838 0.03125   ]
[0.37518771 0.04166667 0.37478002 0.04166667 0.04166667 0.04166667
 0.04169837 0.04166722]
[0.04166675 0.3747247  0.37518967 0.04168111 0.0416667  0.04166667
 0.04169714 0.04170726]
[0.0312717  0.03125    0.53072283 0.03127567 0.03125    0.03125
 0.03125939 0.2817204 ]
[0.03125009 0.28230219 0.03138563 0.03126076 0.03125003 0.03125001
 0.53002095 0.03128035]
[0.03125    0.03125276 0.03125002 0.03125004 0.03131708 0.03127195
 0.78115815 0.03125   ]
[0.025      0.02500054 0.02500001 0.02500701 0.82487488 0.02505991
 0.02505764 0.025     ]
[0.04166676 0.04166667 0.04185463 0.04166667 0.04167777 0.04171373
 0.70808626 0.04166751]
[0.03125005 0.03125023 0.03134812 0.03125    0.0312552  0.03127198
 0.78112403 0.03125039]
[0.04166667 0.04166667 0.04166667 0.70824648 0.04175351 0.04166667
 0.04166667 0.04166667]
[0.02500001 0.18006237 0.02500006 0.32027437 0.37462503 0.025
 0.0250118  0.02502635]
[0.06250003 0.56241273 0.06250011 0.06252169 0.06250005 0.06250001
 0.0625     0.06256538]
[0.04166669 0.37483988 0.04166674 0.04168112 0.3751044  0.04166667
 0.04166667 0.04170784]
[0.28139089 0.03125    0.27990959 0.03125    0.03125    0.03125
 0.0312746  0.28242491]
[0.06250003 0.56241201 0.06250011 0.06252171 0.06250005 0.06250001
 0.0625     0.06256609]
[0.0625     0.0625     0.06250002 0.0625     0.06254012 0.56228453
 0.06267533 0.0625    ]
[0.0625001  0.0625     0.56245284 0.06250001 0.0625     0.06250001
 0.06254622 0.06250083]
[0.04166669 0.37492651 0.04166674 0.04168115 0.0416667  0.37498424
 0.04169566 0.04171231]
[0.03125005 0.03125276 0.03133362 0.03125004 0.03130962 0.03125
 0.78110352 0.03125039]
[0.03125    0.03125093 0.03125001 0.03126209 0.78103616 0.03134284
 0.03135797 0.03125   ]
[0.0625001  0.0625     0.5624513  0.06250001 0.0625     0.06250001
 0.06254776 0.06250083]
[0.02500007 0.02507914 0.02511865 0.02500996 0.02500677 0.02502858
 0.42118366 0.42857317]
[0.03125001 0.03131266 0.03125005 0.03125785 0.03125002 0.03125
 0.03125    0.78117941]
[0.04166669 0.04181784 0.04166677 0.04168347 0.04166671 0.04166667
 0.04166667 0.7081652 ]
[0.52131217 0.18725774 0.18722062 0.02084056 0.02083335 0.02083334
 0.02084858 0.02085365]
[0.0625001  0.0625     0.56245162 0.06250001 0.0625     0.06250001
 0.06254744 0.06250083]
[0.03125    0.03125362 0.03125005 0.28140791 0.28105717 0.03125
 0.0312812  0.28125006]
[0.03125005 0.03125149 0.28124968 0.03125002 0.53119671 0.03126491
 0.03128672 0.03125041]
[0.06250003 0.56241201 0.06250011 0.06252171 0.06250005 0.06250001
 0.0625     0.06256608]
[0.03125005 0.03125    0.28004722 0.28125382 0.03125552 0.03125
 0.03127341 0.28241997]
[0.03125005 0.03125023 0.03134314 0.03125    0.0312552  0.03127197
 0.78112902 0.03125039]
[0.0625001  0.0625     0.56245318 0.06250001 0.0625     0.06250001
 0.06254588 0.06250083]
[0.04166673 0.04166667 0.37340829 0.04166667 0.04166667 0.04166667
 0.04169808 0.37656023]
[0.0625001  0.0625     0.56245284 0.06250001 0.0625     0.06250001
 0.06254622 0.06250083]
[0.04166673 0.0416715  0.37504628 0.04166674 0.37487543 0.04166667
 0.04173943 0.04166722]
